fx: 626.3
fy: 625.761
cx: 231.876
cy: 428.437
tx: 40
mind: 300
maxd: 2000
f0: 626.3
