fx: 624.96
fy: 624.504
cx: 227.826
cy: 430.692
tx: 40
mind: 300
maxd: 2000
f0: 624.96
