fx: -1.57208e-36
fy: -1.57208e-36
cx: -6.16295e-36
cy: -1.05958e-34
tx: 40
mind: 300
maxd: 2000
f0: -1.57208e-36
