fx: -5.60338e-34
fy: -5.57663e-34
cx: -2.23065e-33
cy: -2.23065e-33
tx: 40
mind: 300
maxd: 2000
f0: -5.60338e-34
