fx: 0
fy: 0
cx: 0
cy: 0
tx: 40
mind: 300
maxd: 2000
f0: 0
